Entity,Frequently,Occasionally,NET
Jordan,3,14,17
Venezuela,9,12,21
Mexico,9,13,22
Colombia,8,20,28
Kenya,19,10,29
India,12,17,29
Philippines,9,21,30
Tunisia,8,24,32
Vietnam,8,25,33
Lebanon,11,22,33
South Africa,22,15,37
