Country,"Fatality rates in the US due to weather events, 1978"
Flood,0.56
Lightning,0.44
Tornado,0.24
Hurricane,0.16
