Characteristic,2011/12,2012/13
Race,36016,35885
Sexual orientation,4362,4267
Disability,1757,1841
Religion,1622,1573
Gender-identity,309,361
