Characteristic,Share of respondents
France,30.6%
Germany,27.7%
Hungary,13.3%
The Netherlands,8.3%
Austria,6.1%
