Characteristic,Area in million hectares
2020**,9.88
2019,9.65
2018,9.88
2017,8.98
2016,8.98
2015,9.56
2014,9.55
2013,10.45
2012,9.48
2011,8.55
2010,8.3
2009,9.66
2008,10.02
