Characteristic,Average number of days
2019,32
2018,34
2017,34
2016,34
2015,36
2014,37
2013,41
2012,46
2011,45
2010,40
2009,41
2008,38
2007,40
2006,39
2005,38
2004,42
2003,40
2002,33
2001,37
2000,44
1999,40
1998,51
1997,81
1996,66
1995,66
