Characteristic,Number of downloads
Among Us,125014
Roof Rails,109710
Sushi Roll 3D - Cooking ASMR Game,104473
Coronalert - Belgium,100927
bol.com,88355
WhatsApp Messenger,61591
Shortcut Run,60884
My Delhaize,59985
TikTok,59643
Project Makeover,50540
