Characteristic,Production in million metric tons
2014,8.07
2013,6.1
2012,4.4
2011,3.2
2010,2.58
2009,1.8
