Characteristic,Year over year sales growth (3 to 11 March 2020 vs. 2019)
Florida,8%
Texas,9%
California,11%
Washington,13%
Virginia,13%
New York,18%
New Jersey,20%
Connecticut,21%
District of Columbia,26%
